11.15999984741211
13.020000457763672
16.040000915527344
20.25
24.8799991607666
31.3799991607666
37.83000183105469
43.81999969482422
45.869998931884766
50.20000076293945
53.04999923706055
54.220001220703125
54.54999923706055
54.5
54.09000015258789
54.0099983215332
54.849998474121094
56.22999954223633
56.2599983215332
57.689998626708984
59.06999969482422
60.86000061035156
62.09000015258789
65.16999816894531
65.62999725341797
66.68000030517578
68.48999786376953
69.80000305175781
71.58000183105469
72.20999908447266
73.94999694824219
75.04000091552734
76.16000366210938
77.05000305175781
77.29000091552734
78.11000061035156
80.13999938964844
81.2699966430664
81.3499984741211
82.12000274658203
82.38999938964844
83.38999938964844
83.41999816894531
84.16999816894531
84.81999969482422
85.25
85.41000366210938
86.02999877929688
85.80000305175781
85.80000305175781
